start=2733.300000
speed=1.331000
