start=540.000000
pause=yes
volume=92.000000
