start=992.440000
speed=1.331000
volume=80.000000
