start=1588.033333
speed=1.331000
pause=yes
ab-loop-a=1650.233333
