start=32.800000
speed=1.331000
